
Question:  
Collect at least 60 student’s mark and analyse the data by using descriptive statistics and interpret the results.  
  
Solution:  
Let the marks of the student be the following  
  
23  23  96  21  49  78  22  12  96  64  60  67  34  10  44  58  81  78  56  72  55  98  89  83  67  72  66  72  83  98  78  72  77  80  84  90  89  75  88  60  85  93  67  91  99  30  98  78  56  94  20  66  79  89  34  95  34  70  90  45    

 
   
R code:
> x=c(23,22,34,56,67,78,89,67,56,34,23,12,10,72,72,72,75,91,94,95, 9 6 ,96,44,55,66,77,88,99,20,34,21,64,58,98,72,80,60,30,66,70,49,60, 8 1,89,83,84,85,98,79,90,78,67,78,83,98,90,93,78,89,45)  
> x
[1] 23 22 34 56 67 78 89 67 56 34 23 12 10 72 72 72 75 91 94 95 96  96 44 55 66 77 88 99 20 34 21 64 58 98 72 80 60 30 66 70 49 60 81 89 83 84 85 98 79 90  [51] 78 67 78 83 98 90 93 78 89 45  
> mean(x)
#To calculate mean
[1] 67.21667  
> median(x)
#To calculate median
[1] 72
> xr=table(x)
> mode=which(xr==max(xr))
> mode  72 78   20 23
> summary(x)     Min. 1st Qu.  Median    Mean 3rd Qu.    Max.     10.00   55.75   72.00   67.22   88.25   99.00
> range=99-10  

 
> range  [1] 89  
> var(x)      #variance  [1] 622.6811  
> sd=sqrt(var(x))      #standard deviation  
> sd  [1] 24.95358  #coefficient of quartile deviation  
> cqd=(88.25-55.75)/(88.25+55.75)  
> cqd  [1] 0.2256944  #mean deviation about mean  
> y=(x-mean(x))  
> y   [1] -44.2166667 -45.2166667 -33.2166667 -11.2166667  -0.2166667   10.7833333  21.7833333  -0.2166667 -11.2166667 -33.2166667 - 44.2166667 -55.2166667  [13] -57.2166667   4.7833333   4.7833333   4.7833333   7.7833333   23.7833333  26.7833333  27.7833333  28.7833333  28.7833333 - 23.2166667 -12.2166667  [25]  -1.2166667   9.7833333  20.7833333  31.7833333 -47.2166667 33.2166667 -46.2166667  -3.2166667  -9.2166667  30.7833333    4.7833333  12.7833333  [37]  -7.2166667 -37.2166667  -1.2166667   2.7833333 -18.2166667   -7.2166667  13.7833333  21.7833333  15.7833333  16.7833333   
 
 
17.7833333  30.7833333  [49]  11.7833333  22.7833333  10.7833333  -0.2166667  10.7833333   15.7833333  30.7833333  22.7833333  25.7833333  10.7833333   21.7833333 -22.2166667  > y=abs(y)  > y   [1] 44.2166667 45.2166667 33.2166667 11.2166667  0.2166667  10.7833333 21.7833333  0.2166667 11.2166667 33.2166667  44.2166667 55.2166667 57.2166667  [14]  4.7833333  4.7833333  4.7833333  7.7833333 23.7833333  26.7833333 27.7833333 28.7833333 28.7833333 23.2166667  12.2166667  1.2166667  9.7833333  [27] 20.7833333 31.7833333 47.2166667 33.2166667 46.2166667   3.2166667  9.2166667 30.7833333  4.7833333 12.7833333   7.2166667 37.2166667  1.2166667  [40]  2.7833333 18.2166667  7.2166667 13.7833333 21.7833333  15.7833333 16.7833333 17.7833333 30.7833333 11.7833333  22.7833333 10.7833333  0.2166667  [53] 10.7833333 15.7833333 30.7833333 22.7833333 25.7833333  10.7833333 21.7833333 22.2166667  
> md1=sum(y)/length(y)  
> md1  [1] 20.15444    
#kurtosis  
> n=length(x)  
 
 
> mean=mean(x)  
> m4=sum((x-mean)^4)/n  
> m4  [1] 941124.5  
> m2=var(x)  
> m2  [1] 622.6811  
> beta2=m4/(m2^2)  
> beta2  [1] 2.427257  
> gam2=beta2-3  
> gam2  [1] -0.572743
